desc: I1 cache:         16384 B, 32 B, 8-way associative
desc: D1 cache:         16384 B, 64 B, 8-way associative
desc: L2 cache:         1048576 B, 64 B, 8-way associative
cmd: ./gobizd no_proc
events: Ir I1mr I2mr Dr D1mr D2mr Dw D1mw D2mw
fl=???
fn=(below main)
0 62 8 4 19 3 0 24 1 0
fn=???
0 1784812 1112 347 641997 741 274 432937 395 369
fn=OPENSSL_cpuid_setup
0 24 4 3 5 2 1 8 0 0
fn=OPENSSL_ia32_cpuid
0 25 2 1 8 0 0 7 0 0
fn=_Exit
0 3 1 1 2 0 0 1 0 0
fn=_IO_check_libio
0 13 3 2 5 1 0 4 0 0
fn=_IO_cleanup
0 111 14 7 37 1 0 27 0 0
fn=_IO_default_finish
0 96 14 2 32 0 0 24 0 0
fn=_IO_default_setbuf
0 39 5 2 11 0 0 18 0 0
fn=_IO_default_uflow
0 139 4 2 59 0 0 33 0 0
fn=_IO_default_xsputn
0 5380 65 4 1680 0 0 1122 1 0
fn=_IO_do_write@@GLIBC_2.1
0 30 2 2 10 0 0 5 0 0
fn=_IO_doallocbuf
0 120 15 2 50 0 0 30 0 0
fn=_IO_file_close
0 36 7 2 16 0 0 12 0 0
fn=_IO_file_close_it@@GLIBC_2.1
0 216 35 7 52 0 0 108 0 0
fn=_IO_file_doallocate
0 288 41 5 63 5 1 100 0 0
fn=_IO_file_finish@@GLIBC_2.1
0 72 9 1 24 0 0 28 0 0
fn=_IO_file_fopen@@GLIBC_2.1
0 236 33 7 68 3 1 80 0 0
fn=_IO_file_init@@GLIBC_2.1
0 76 11 2 24 0 0 36 0 0
fn=_IO_file_open
0 194 22 4 60 0 0 56 0 0
fn=_IO_file_overflow@@GLIBC_2.1
0 197 10 5 56 0 0 46 1 0
fn=_IO_file_read
0 150 5 1 70 0 0 50 0 0
fn=_IO_file_setbuf@@GLIBC_2.1
0 29 3 2 8 0 0 14 0 0
fn=_IO_file_stat
0 60 9 1 25 0 0 25 0 0
fn=_IO_file_sync@@GLIBC_2.1
0 24 3 2 9 0 0 6 0 0
fn=_IO_file_underflow@@GLIBC_2.1
0 600 33 7 241 4 0 176 0 0
fn=_IO_file_write@@GLIBC_2.1
0 39 4 1 14 0 0 7 0 0
fn=_IO_file_xsgetn
0 153 10 7 69 0 0 37 0 0
fn=_IO_file_xsputn@@GLIBC_2.1
0 65 8 5 21 0 0 14 0 0
fn=_IO_flush_all_lockp
0 120 12 9 37 11 3 16 0 0
fn=_IO_getline
0 9306 6 2 3384 0 0 4230 0 0
fn=_IO_getline_info
0 28947 22 6 10642 1 0 7227 1 0
fn=_IO_link_in
0 424 54 8 152 12 2 96 0 0
fn=_IO_no_init
0 1282 28 4 478 0 0 522 7 3
fn=_IO_old_init
0 1281 42 2 235 0 0 858 5 4
fn=_IO_setb
0 1314 57 2 539 0 0 330 2 0
fn=_IO_sgetn
0 42 2 1 24 1 0 15 0 0
fn=_IO_str_init_static_internal
0 1720 36 3 559 0 0 731 0 0
fn=_IO_switch_to_get_mode
0 250 9 1 100 0 0 70 0 0
fn=_IO_un_link
0 460 43 7 168 2 0 102 0 0
fn=_IO_unsave_markers
0 68 10 2 24 0 0 12 0 0
fn=____strtol_l_internal
0 14432 59 11 5130 13 4 1726 0 0
fn=____strtoul_l_internal
0 58419 31 10 20163 8 0 7293 0 0
fn=___newselect_nocancel
0 3408 31 1 2130 0 0 852 0 0
fn=__close_nocancel
0 56 10 1 21 0 0 7 0 0
fn=__ctype_b_loc
0 14856 2 1 6190 2 0 2476 0 0
fn=__cxa_atexit
0 24 3 2 8 0 0 9 0 0
fn=__cxa_finalize
0 570 5 3 195 0 0 135 0 0
fn=__default_morecore
0 22 2 1 6 0 0 6 0 0
fn=__errno_location
0 72 10 1 36 2 0 18 0 0
fn=__find_specmb
0 8377 15 2 2170 18 14 1178 6 3
fn=__fopen_internal
0 176 17 2 28 0 0 92 4 3
fn=__fopen_maybe_mmap
0 48 12 2 20 0 0 12 0 0
fn=__fsetlocking
0 44 4 2 12 0 0 8 0 0
fn=__fxstat64
0 342 4 1 95 0 0 57 0 0
fn=__fxstat64@@GLIBC_2.2
0 102 12 2 36 0 0 24 0 0
fn=__i686.get_pc_thunk.bx
0 6 2 1 6 0 0 0 0 0
fn=__i686.get_pc_thunk.cx
0 2874 8 1 2874 0 0 0 0 0
fn=__init_misc
0 31 3 2 10 1 0 10 2 1
fn=__libc_csu_init
0 21 3 1 5 0 0 6 0 0
fn=__libc_dlopen_mode
0 34 5 3 11 3 0 10 0 0
fn=__libc_dlsym
0 41 5 2 14 3 0 10 0 0
fn=__libc_fini
0 13 2 0 5 0 0 4 0 0
fn=__libc_global_ctors
0 19 1 1 6 0 0 5 0 0
fn=__libc_memalign
0 3075 9 3 1039 0 0 791 10 9
fn=__nanosleep_nocancel
0 1269 3 1 564 0 0 141 0 0
fn=__new_exitfn
0 54 9 5 18 3 1 12 0 0
fn=__nss_database_lookup
0 4683 27 14 1844 8 4 1059 0 0
fn=__nss_lookup
0 22 4 3 8 0 0 7 1 0
fn=__nss_lookup_function
0 197 23 11 72 7 1 55 0 0
fn=__nss_next
0 30 5 3 11 1 0 5 0 0
fn=__nss_services_lookup
0 39 8 3 8 1 1 16 0 0
fn=__offtime
0 286 24 14 72 1 1 23 0 0
fn=__open_nocancel
0 40 5 1 24 0 0 8 0 0
fn=__overflow
0 22 4 3 10 0 0 7 0 0
fn=__read_nocancel
0 526 42 1 314 0 0 106 0 0
fn=__register_atfork
0 52 6 4 15 4 3 12 0 0
fn=__sigsetjmp
0 572 4 1 156 0 0 312 3 0
fn=__sprintf_chk
0 17 2 2 6 0 0 8 0 0
fn=__strtol_internal
0 2112 9 2 864 6 0 864 0 0
fn=__strtoul_internal
0 7634 4 2 3123 0 0 3123 0 0
fn=__tz_convert
0 68 10 6 21 1 1 16 0 0
fn=__tzfile_compute
0 571 17 10 201 0 0 24 0 0
fn=__tzfile_read
0 3428 74 39 1108 7 1 425 3 1
fn=__tzstring
0 756 7 4 222 0 0 177 0 0
fn=__uflow
0 329 18 6 133 4 1 42 0 0
fn=__underflow
0 137 15 5 57 2 0 20 0 0
fn=__unregister_atfork
0 360 3 2 150 4 0 75 0 0
fn=__vsprintf_chk
0 48 6 3 13 0 0 24 0 0
fn=__write_nocancel
0 60 5 1 36 0 0 12 0 0
fn=__xstat64@@GLIBC_2.2
0 102 5 1 36 0 0 24 0 0
fn=_dl_add_to_slotinfo
0 26 5 3 11 2 0 7 0 0
fn=_dl_addr
0 46140 17 9 9552 572 165 2226 2 0
fn=_dl_allocate_tls_init
0 83 13 7 32 3 0 24 2 1
fn=_dl_allocate_tls_storage
0 43 5 2 9 0 0 18 0 0
fn=_dl_cache_libcmp
0 20117 20 5 6802 130 82 880 0 0
fn=_dl_catch_error
0 2236 14 4 728 18 0 1092 15 2
fn=_dl_check_all_versions
0 291 4 2 77 5 0 25 0 0
fn=_dl_check_caller
0 141 14 9 71 5 1 22 1 0
fn=_dl_check_map_versions
0 11415 45 14 5122 117 53 2301 47 42
fn=_dl_debug_initialize
0 434 10 3 123 0 0 84 0 0
fn=_dl_debug_state
0 16 0 0 8 0 0 4 0 0
fn=_dl_debug_vdprintf
0 379 16 8 167 1 1 31 2 0
fn=_dl_determine_tlsoffset
0 82 12 6 30 0 0 21 0 0
fn=_dl_dprintf
0 12 2 2 4 0 0 4 0 0
fn=_dl_fini
0 1230 22 11 648 121 0 179 19 0
fn=_dl_fixup
0 12246 45 3 4980 561 6 2656 10 1
fn=_dl_important_hwcaps
0 1642 41 23 539 1 1 97 2 2
fn=_dl_init
0 320 11 3 169 3 0 63 0 0
fn=_dl_init_paths
0 490 23 13 116 1 1 66 3 3
fn=_dl_initial_error_catch_tsd
0 371 2 1 106 0 0 106 0 0
fn=_dl_load_cache_lookup
0 6173 60 19 1782 132 78 855 1 1
fn=_dl_lookup_symbol_x
0 180881 91 10 38510 895 149 17764 150 9
fn=_dl_map_object
0 16046 88 27 5531 272 2 2549 20 9
fn=_dl_map_object_deps
0 15399 108 31 4659 111 0 1863 11 4
fn=_dl_map_object_from_fd
0 16737 170 49 5150 161 81 2383 74 74
fn=_dl_mcount_wrapper_check
0 14 3 2 5 0 0 3 0 0
fn=_dl_name_match_p
0 48919 38 1 12543 401 0 15445 12 3
fn=_dl_new_object
0 5242 56 13 2086 26 18 839 45 45
fn=_dl_next_ld_env_entry
0 305 3 2 105 19 19 8 0 0
fn=_dl_next_tls_modid
0 19 3 2 7 0 0 6 1 1
fn=_dl_open
0 60 8 5 18 2 0 22 1 0
fn=_dl_receive_error
0 31 3 2 12 1 0 16 0 0
fn=_dl_relocate_object
0 167290 146 51 62177 1924 714 23780 559 361
fn=_dl_runtime_resolve
0 1660 17 1 996 0 0 664 1 0
fn=_dl_setup_hash
0 285 4 1 95 19 19 76 0 0
fn=_dl_signal_cerror
0 28 3 2 9 0 0 11 0 0
fn=_dl_sort_fini
0 7324 13 7 2848 18 0 253 1 0
fn=_dl_start
0 367 26 13 64 8 6 66 9 9
fn=_dl_sysdep_read_whole_file
0 96 12 4 16 0 0 48 1 0
fn=_dl_sysdep_start
0 426 21 10 103 9 8 30 5 5
fn=_dl_sysdep_start_cleanup
0 4 1 0 2 0 0 1 0 0
fn=_dl_sysinfo_int80
0 2305 4 0 1152 0 0 0 0 0
fn=_dl_unload_cache
0 38 5 0 10 3 0 14 0 0
fn=_init
0 36 5 3 15 3 0 14 3 2
fn=_int_free
0 54861 221 17 18210 22 0 9632 7 0
fn=_int_malloc
0 71999 476 41 25214 109 0 11137 190 115
fn=_int_realloc
0 33945 109 16 10981 0 0 6192 0 0
fn=_itoa_word
0 2380 127 3 540 7 1 370 2 0
fn=_nss_files_getservbyname_r
0 24182 16 8 8150 4 0 6592 0 0
fn=_nss_files_parse_servent
0 139043 20 10 30129 2 0 9975 0 0
fn=_setjmp
0 14 2 1 5 0 0 7 0 0
fn=accept
0 11 2 2 3 0 0 1 0 0
fn=access
0 16 3 2 3 0 0 2 0 0
fn=add_compiled_collation
0 832 2 2 448 64 22 256 0 0
fn=alloc_root
0 6975 24 4 2439 0 0 1431 3 0
fn=atoi
0 88 6 2 24 0 0 48 0 0
fn=bind
0 9 2 2 2 0 0 1 0 0
fn=brk
0 56 4 2 16 0 0 14 0 0
fn=call_init
0 866 13 4 347 75 1 223 0 0
fn=calloc
0 4486 157 8 1302 6 0 956 4 3
fn=cli_advanced_command
0 240 44 6 80 12 0 104 7 0
fn=cli_read_rows
0 11740 50 10 4665 1 0 3157 11 0
fn=close
0 158 5 0 41 0 0 0 0 0
fn=connect
0 11 3 1 3 0 0 1 0 0
fn=convert_dirname
0 61 8 2 16 0 0 16 0 0
fn=dirname_length
0 108 4 2 18 0 0 8 0 0
fn=dirname_part
0 25 3 2 7 0 0 11 0 0
fn=dl_main
0 1555 113 64 522 68 11 259 24 17
fn=dl_open_worker
0 436 31 19 160 42 0 41 3 0
fn=do_dlopen
0 29 4 3 13 1 0 13 1 0
fn=do_dlsym
0 29 3 1 10 0 0 13 0 0
fn=do_lookup_x
0 483421 117 11 217955 17241 2425 57735 54 6
fn=end_server
0 31 4 3 11 0 0 12 0 0
fn=exit
0 55 8 5 14 3 1 13 0 0
fn=expand_dynamic_string_token
0 88 4 2 59 0 0 15 0 0
fn=fclose@@GLIBC_2.1
0 318 43 8 136 8 0 72 0 0
fn=fcntl
0 6176 31 2 1930 0 0 1351 0 0
fn=fgets
0 1479 9 5 512 0 0 360 0 0
fn=fgets_unlocked
0 18988 5 3 5656 0 0 5252 0 0
fn=fileno
0 36 4 2 15 0 0 6 0 0
fn=fillin_rpath
0 209 20 11 82 0 0 50 2 2
fn=fini
0 17 2 1 6 0 0 5 0 0
fn=fopen@@GLIBC_2.1
0 64 10 2 20 0 0 28 0 0
fn=fread_unlocked
0 84 4 3 27 0 0 27 0 0
fn=free
0 20029 19 3 6352 12 0 3909 1 0
fn=free_old_query
0 135 17 3 35 1 0 65 2 0
fn=free_root
0 396 26 3 108 1 0 108 0 0
fn=free_rows
0 126 11 1 30 0 0 54 0 0
fn=get_charset_by_csname
0 35 6 4 11 2 0 11 1 0
fn=get_charset_number
0 188 5 2 71 11 0 30 0 0
fn=get_charsets_dir
0 37 7 4 8 1 0 17 0 0
fn=getdelim
0 5416 16 9 2164 0 0 1084 0 0
fn=getenv
0 4174 22 4 1773 104 6 116 1 0
fn=getline
0 1152 2 1 384 0 0 512 0 0
fn=getpagesize
0 11 2 1 4 0 0 2 0 0
fn=getpid
0 16 3 1 4 1 0 2 0 0
fn=getservbyname
0 58 10 5 17 3 1 18 0 0
fn=getservbyname_r@@GLIBC_2.1.2
0 69 15 6 20 4 0 26 1 0
fn=getuid
0 12 2 1 6 0 0 4 0 0
fn=htons
0 4 1 1 2 0 0 0 0 0
fn=index
0 1225872 35 11 160760 24 20 21502 0 0
fn=inet_addr
0 147 11 6 41 1 1 39 0 0
fn=init
0 10 1 1 4 0 0 4 1 0
fn=init_alloc_root
0 308 16 2 88 0 0 143 0 0
fn=init_client_errs
0 15 2 1 4 1 0 7 0 0
fn=init_compiled_charsets
0 209 30 16 70 10 1 132 0 0
fn=init_tls
0 172 10 5 47 9 0 24 0 0
fn=intern_filename
0 32 4 3 10 0 0 12 1 0
fn=internal_setent
0 51 6 3 9 1 0 21 0 0
fn=ioctl
0 4600 7 1 2760 0 0 920 0 0
fn=listen
0 9 2 2 2 0 0 1 0 0
fn=localtime
0 16 2 1 4 0 0 7 0 0
fn=malloc
0 22145 15 5 7321 22 0 4528 2 1
fn=malloc_consolidate
0 2960 80 12 949 17 0 694 23 16
fn=malloc_hook_ini
0 16 2 1 5 0 0 7 0 0
fn=map_doit
0 19 3 2 8 0 0 8 0 0
fn=match_symbol
0 8688 21 8 3567 68 27 925 2 0
fn=memchr
0 53519 38 7 7539 95 55 976 0 0
fn=memcpy
0 45314 16 4 22174 66 48 10604 206 122
fn=memmove
0 858 7 2 238 0 0 83 0 0
fn=mempcpy
0 16083 66 3 7213 5 1 3665 12 12
fn=memset
0 23078 121 3 1224 0 0 19394 612 503
fn=mmap
0 1173 19 3 566 0 0 209 1 1
fn=mprotect
0 80 2 1 40 0 0 8 0 0
fn=munmap
0 54 10 2 22 0 0 4 0 0
fn=my_close
0 42 5 3 16 0 0 10 0 0
fn=my_connect
0 24 3 2 9 0 0 9 0 0
fn=my_error_register
0 39 5 3 11 1 0 13 0 0
fn=my_init
0 50 7 4 14 3 0 19 2 0
fn=my_malloc
0 800 16 3 210 0 0 250 0 0
fn=my_mbcharlen_8bit
0 5905 1 1 2362 0 0 1181 0 0
fn=my_multi_malloc
0 123 5 3 28 0 0 23 1 0
fn=my_net_init
0 59 8 4 10 0 0 36 1 0
fn=my_net_local_init
0 25 3 2 13 2 0 8 1 0
fn=my_net_read
0 1600 16 3 450 1 0 450 0 0
fn=my_net_write
0 54 6 4 17 1 0 13 0 0
fn=my_no_flags_free
0 630 10 0 176 0 0 190 0 0
fn=my_once_alloc
0 33612 8 4 8762 25 0 2568 0 0
fn=my_once_strdup
0 8184 4 3 2112 0 0 3696 0 0
fn=my_open
0 27 4 3 9 1 0 14 0 0
fn=my_parse_charset_xml
0 55 7 3 12 0 0 28 1 1
fn=my_register_filename
0 42 5 3 18 3 0 11 1 0
fn=my_snprintf
0 20 2 1 6 0 0 9 0 0
fn=my_stat
0 28 4 2 7 0 0 9 0 0
fn=my_strcasecmp_8bit
0 305 4 3 147 9 2 48 0 0
fn=my_strdup
0 155 6 3 40 0 0 70 0 0
fn=my_vsnprintf
0 278 19 11 85 5 3 53 0 0
fn=my_xml_parse
0 110726 25 14 27909 111 111 15545 0 0
fn=my_xml_parser_create
0 15 2 1 4 0 0 7 0 0
fn=my_xml_parser_free
0 4 0 0 2 0 0 1 0 0
fn=my_xml_set_enter_handler
0 7 2 1 4 0 0 2 0 0
fn=my_xml_set_leave_handler
0 7 1 1 4 0 0 2 0 0
fn=my_xml_set_user_data
0 7 1 0 4 0 0 2 0 0
fn=my_xml_set_value_handler
0 7 1 1 4 0 0 2 0 0
fn=mysql_close
0 59 9 4 14 3 0 26 1 0
fn=mysql_detach_stmt_list
0 9 1 0 4 0 0 2 0 0
fn=mysql_fetch_field
0 180 4 1 72 0 0 24 0 0
fn=mysql_fetch_fields
0 6 1 1 4 0 0 1 0 0
fn=mysql_fetch_lengths
0 552 24 1 253 0 0 138 0 0
fn=mysql_fetch_row
0 699 35 3 264 1 0 186 0 0
fn=mysql_free_result
0 105 17 2 30 0 0 36 0 0
fn=mysql_init
0 47 10 5 10 3 1 23 0 0
fn=mysql_num_fields
0 18 0 0 12 0 0 3 0 0
fn=mysql_num_rows
0 21 3 1 15 0 0 3 0 0
fn=mysql_real_connect
0 516 101 54 175 17 2 162 8 0
fn=mysql_real_query
0 81 8 2 27 1 0 30 0 0
fn=mysql_send_query
0 90 12 2 33 5 0 42 2 0
fn=mysql_server_init
0 61 13 5 12 6 0 21 1 0
fn=mysql_store_result
0 234 33 6 87 0 0 102 0 0
fn=nanosleep
0 282 3 1 141 0 0 0 0 0
fn=net_clear
0 148 15 2 56 6 0 72 0 0
fn=net_end
0 17 3 1 6 0 0 7 0 0
fn=net_field_length
0 3492 3 1 1746 0 0 582 0 0
fn=net_flush
0 155 13 3 45 0 0 45 0 0
fn=net_real_write
0 340 33 5 135 4 0 110 3 0
fn=net_safe_read
0 1850 36 5 600 0 0 550 0 0
fn=net_write_command
0 280 31 4 80 0 0 80 0 0
fn=new_do_write
0 48 7 4 17 0 0 17 0 0
fn=nss_parse_service_list
0 4445 32 17 1955 2 2 630 0 0
fn=open
0 2370 7 3 737 0 0 403 2 0
fn=open64
0 34 4 2 10 0 0 8 0 0
fn=open_path
0 8960 39 10 4128 5 0 1728 8 5
fn=open_verify
0 6215 32 9 2608 21 2 1772 9 7
fn=openaux
0 1440 6 2 528 1 0 432 1 0
fn=print_missing_version
0 25 4 3 7 0 0 9 0 0
fn=process_envvars
0 298 17 11 101 5 5 20 2 2
fn=ptmalloc_init
0 351 18 9 113 34 3 32 6 3
fn=puts
0 93 12 6 39 7 2 17 0 0
fn=rawmemchr
0 8388 7 3 2029 0 0 343 0 0
fn=read
0 270 42 3 135 0 0 17 0 0
fn=realloc
0 27687 37 5 8194 5 0 5469 0 0
fn=realloc_hook_ini
0 20 3 2 7 0 0 9 0 0
fn=rindex
0 143 16 8 17 1 0 4 0 0
fn=rtld_lock_default_lock_recursive
0 108 3 0 72 0 0 18 0 0
fn=rtld_lock_default_unlock_recursive
0 108 1 0 72 1 0 18 0 0
fn=sYSTRIm
0 31 5 3 8 0 0 6 0 0
fn=sbrk
0 83 6 4 28 3 2 19 0 0
fn=select
0 426 6 1 213 0 0 0 0 0
fn=send
0 363 31 2 99 0 0 33 0 0
fn=setfsuid
0 9 2 1 4 0 0 2 0 0
fn=setsockopt
0 45 6 2 10 0 0 5 0 0
fn=shutdown
0 9 2 0 2 0 0 1 0 0
fn=sigaction
0 81 11 6 22 1 0 21 0 0
fn=signal
0 53 8 5 10 1 1 15 0 0
fn=socket
0 18 4 2 4 0 0 2 0 0
fn=sprintf
0 756 41 2 210 0 0 336 1 0
fn=stpcpy
0 681 23 2 179 11 2 140 0 0
fn=strcat
0 13013 146 7 1951 0 0 928 0 0
fn=strchrnul
0 2861 9 5 384 0 0 63 0 0
fn=strcmp
0 172383 22 3 70656 3809 1061 0 0 0
fn=strcpy
0 1801 8 1 420 0 0 351 8 5
fn=strdup
0 282 6 2 132 0 0 66 0 0
fn=strdup_root
0 1800 9 2 540 0 0 900 0 0
fn=strend
0 60 2 0 18 0 0 2 0 0
fn=strftime
0 22 3 2 9 1 0 9 0 0
fn=strftime_l
0 2186 59 36 666 9 8 307 0 0
fn=strlen
0 62577 28 4 9490 6 1 0 0 0
fn=strmake
0 699 6 2 105 1 0 84 1 0
fn=strmake_root
0 2700 9 2 720 0 0 1170 2 0
fn=strncasecmp
0 260 4 3 132 5 5 40 0 0
fn=strncmp
0 5712554 17 3 1790823 14 12 323442 0 0
fn=strncpy
0 19320 73 3 5162 0 0 3192 1 0
fn=strnmov
0 104 2 1 16 0 0 12 0 0
fn=strsep
0 1315 3 2 447 0 0 14 0 0
fn=strstr
0 106 12 3 34 4 1 12 0 0
fn=strxmov
0 213 3 2 37 2 1 36 1 0
fn=test_if_hard_path
0 17 3 2 5 1 1 3 0 0
fn=time
0 12 2 2 4 0 0 2 0 0
fn=tsearch
0 45 8 6 11 0 0 17 0 0
fn=tzset
0 120 4 2 40 0 0 20 0 0
fn=tzset_internal
0 352 16 7 64 1 1 136 1 0
fn=uname
0 8 1 1 2 0 0 0 0 0
fn=unpack_fields
0 1491 51 10 588 0 0 681 0 0
fn=usleep
0 3525 9 2 423 0 0 846 0 0
fn=version_check_doit
0 19 3 2 7 0 0 5 0 0
fn=vfprintf
0 12895 1056 56 4806 42 5 3351 64 7
fn=vio_blocking
0 328 19 1 104 3 0 88 1 0
fn=vio_close
0 36 4 2 9 0 0 12 0 0
fn=vio_delete
0 26 3 2 8 0 0 10 0 0
fn=vio_fastsend
0 36 5 3 8 0 0 19 0 0
fn=vio_fd
0 6 1 1 4 0 0 1 0 0
fn=vio_is_blocking
0 495 5 1 220 1 0 55 0 0
fn=vio_keepalive
0 28 4 2 7 0 0 11 0 0
fn=vio_new
0 49 7 4 10 0 0 25 0 0
fn=vio_read
0 180 8 1 63 0 0 81 2 0
fn=vio_read_buff
0 3301 26 4 1169 0 0 966 1 0
fn=vio_timeout
0 220 4 0 110 0 0 55 0 0
fn=vio_write
0 90 6 1 35 0 0 35 0 0
fn=vsprintf
0 1848 64 4 420 0 0 1008 6 0
fn=write
0 12 2 1 6 0 0 0 0 0
fl=Int2long.c
fn=Byte2Int
18 14 2 1 4 0 0 6 0 0
20 12 2 0 4 0 0 2 0 0
21 2 0 0 2 0 0 0 0 0
22 4 0 0 4 0 0 0 0 0
fn=Int2Long
3 6 2 0 0 0 0 2 0 0
4 2 0 0 0 0 0 2 0 0
5 12 2 1 4 0 0 2 0 0
6 2 0 0 2 0 0 0 0 0
7 4 0 0 4 0 0 0 0 0
fl=fcs.c
fn=fcs16_update
48 198 8 1 0 0 0 66 0 0
49 66 0 0 0 0 0 66 0 0
51 9470 9 1 6987 0 0 66 0 0
52 41130 8 0 20565 32 8 2285 0 0
53 132 0 0 132 0 0 0 0 0
fl=gobiz.c
fn=GOBIZ_Free
544 3 2 1 0 0 0 1 0 0
546 3 0 0 2 0 0 1 0 0
547 4 1 0 2 0 0 2 0 0
548 2 0 0 1 0 0 1 0 0
549 4 1 0 2 0 0 2 0 0
550 2 0 0 1 0 0 1 0 0
551 1 0 0 0 0 0 1 0 0
553 2 0 0 2 0 0 0 0 0
fn=GOBIZ_Init
181 3 1 1 0 0 0 1 0 0
182 1 0 0 0 0 0 1 0 0
184 4 1 0 0 0 0 4 0 0
185 6 1 1 1 0 0 4 0 0
186 6 1 0 1 0 0 4 0 0
189 3 0 0 2 0 0 1 0 0
194 1 0 0 1 0 0 0 0 0
196 2 0 0 2 0 0 0 0 0
fn=GiveMeSessionInfo
198 4 2 1 0 0 0 2 0 0
202 4 1 0 0 0 0 4 0 0
204 1 1 0 0 0 0 1 0 0
205 1 0 0 0 0 0 1 0 0
206 1 0 0 0 0 0 1 0 0
207 7 1 1 0 0 0 4 1 0
209 13 2 1 3 0 0 6 0 0
210 164 2 1 149 0 0 5 0 0
216 4 1 0 1 0 0 3 0 0
218 2 0 0 1 0 0 0 0 0
223 4 1 1 1 0 0 3 0 0
224 2 0 0 1 0 0 0 0 0
228 4 1 0 1 0 0 3 0 0
229 4 0 0 1 0 0 3 0 0
230 13 2 1 4 0 0 6 0 0
232 2 1 1 1 0 0 0 0 0
236 1 0 0 1 0 0 0 0 0
238 17 0 0 11 0 0 1 0 0
240 21 1 0 9 0 0 9 0 0
241 6 0 0 3 0 0 0 0 0
243 2 0 0 1 0 0 1 0 0
244 4 0 0 2 0 0 1 1 0
246 4 1 0 2 0 0 0 0 0
248 4 0 0 2 0 0 1 1 0
250 2 0 0 1 0 0 0 0 0
252 3 0 0 2 0 0 1 0 0
260 3 0 0 1 0 0 2 0 0
261 3 1 0 2 0 0 1 0 0
263 4 0 0 3 0 0 0 0 0
fn=GiveMeUserAndPassArgv
264 3 1 1 0 0 0 1 0 0
266 1 0 0 0 0 0 1 0 0
268 4 1 1 3 0 0 1 0 0
270 25 2 1 19 0 0 1 0 0
272 6 0 0 3 0 0 0 0 0
274 8 1 0 3 0 0 3 0 0
276 4 0 0 2 0 0 0 0 0
278 8 1 0 3 0 0 3 0 0
281 2 0 0 1 0 0 0 0 0
283 7 0 0 3 0 0 3 0 0
285 9 0 0 6 0 0 3 0 0
288 1 0 0 0 0 0 0 0 0
289 2 0 0 2 0 0 0 0 0
fn=StartMyServer
101 5 1 1 1 0 0 2 0 0
105 1 1 1 0 0 0 1 0 0
108 2 0 0 0 0 0 2 0 0
109 1 0 0 0 0 0 1 0 0
111 2 1 0 0 0 0 2 0 0
112 2 0 0 1 0 0 0 0 0
118 7 1 1 1 0 0 5 0 0
127 3 2 1 0 0 0 3 1 0
128 3 0 0 1 0 0 2 1 0
130 10 2 0 1 1 0 6 0 0
135 1 1 1 0 0 0 1 0 0
136 6 1 0 2 0 0 3 0 0
137 1 0 0 0 0 0 1 0 0
138 4 0 0 0 0 0 2 0 0
140 8 1 1 1 0 0 4 0 0
145 6 2 1 1 0 0 3 0 0
152 1 1 0 0 0 0 1 0 0
153 10 1 1 2 0 0 5 0 0
157 9 2 1 5 0 0 4 0 0
158 3 0 0 2 0 0 1 0 0
159 2 0 0 1 0 0 0 0 0
175 3 1 1 1 0 0 2 0 0
fn=UserMainProcess
291 6 2 1 0 0 0 4 0 0
293 1 0 0 0 0 0 1 0 0
294 3 0 0 2 0 0 1 0 0
295 1 0 0 0 0 0 1 0 0
296 1 0 0 0 0 0 1 0 0
297 1 1 1 0 0 0 1 0 0
298 1 0 0 0 0 0 1 0 0
299 1 0 0 0 0 0 1 0 0
300 1 0 0 0 0 0 1 0 0
301 1 1 0 0 0 0 1 0 0
302 1 0 0 0 0 0 1 0 0
303 1 0 0 0 0 0 1 0 0
304 1 0 0 0 0 0 1 0 0
305 1 0 0 0 0 0 1 0 0
306 1 0 0 0 0 0 1 0 0
307 1 1 1 0 0 0 1 0 0
308 1 0 0 0 0 0 1 0 0
309 1 0 0 0 0 0 1 0 0
310 1 0 0 0 0 0 1 0 0
311 1 1 0 0 0 0 1 0 0
312 1 0 0 0 0 0 1 0 0
318 6 0 0 2 0 0 3 1 0
319 8203 1 1 3 0 0 8193 118 114
320 2 0 0 0 0 0 2 0 0
322 3 1 0 0 0 0 3 0 0
323 4 1 0 0 0 0 3 0 0
324 8 1 1 2 0 0 5 0 0
326 2 1 0 0 0 0 2 0 0
327 2 0 0 0 0 0 2 0 0
328 3 0 0 2 0 0 1 1 0
329 3 1 1 2 0 0 1 0 0
330 2 0 0 0 0 0 2 0 0
331 2 0 0 1 0 0 0 0 0
343 9 2 1 1 0 0 7 1 0
344 7 1 1 2 0 0 5 0 0
345 2 0 0 1 0 0 0 0 0
381 8 2 1 1 0 0 4 0 0
398 2592 12 2 1296 4 0 1152 2 0
399 288 0 0 144 0 0 0 0 0
400 6 0 0 0 0 0 6 0 0
401 42 4 0 18 1 0 24 0 0
402 12 4 1 6 0 0 0 0 0
415 108 18 2 42 5 1 18 5 0
424 119 12 2 62 0 0 18 0 0
428 7 1 1 2 0 0 4 0 0
429 23 2 1 7 0 0 6 0 0
430 11 1 0 5 1 0 6 0 0
431 5 1 1 1 0 0 4 0 0
432 1 0 0 0 0 0 1 0 0
433 2 1 0 0 0 0 1 0 0
436 97 12 1 47 0 0 15 0 0
439 7 1 1 2 0 0 4 0 0
440 21 2 1 5 0 0 6 0 0
441 11 2 1 5 0 0 6 0 0
442 5 0 0 1 0 0 4 0 0
443 1 1 0 0 0 0 1 0 0
444 2 0 0 0 0 0 1 0 0
447 86 11 1 54 2 1 12 0 0
450 3 1 1 1 0 0 2 0 0
453 9 1 0 5 0 0 3 0 0
456 3 1 0 0 0 0 3 1 0
458 22 4 2 6 1 0 9 1 0
476 7 1 1 2 1 0 3 0 0
478 6 1 1 0 0 0 5 0 0
485 9 3 1 3 1 0 6 0 0
486 50 2 1 36 3 0 7 0 0
487 4 0 0 1 0 0 0 0 0
491 5 1 1 1 0 0 4 0 0
492 1 0 0 0 0 0 1 0 0
493 1 1 0 0 0 0 1 0 0
495 3 0 0 0 0 0 2 0 0
498 67 8 1 45 2 0 9 0 0
505 14 0 0 6 0 0 8 0 0
508 40 8 1 20 4 0 20 0 0
509 41005 4 1 15 3 0 40960 514 0
510 40 4 0 10 0 0 20 0 0
513 572 4 1 286 4 0 0 0 0
516 282 0 0 0 0 0 282 0 0
517 141 0 0 141 0 0 0 0 0
518 705 3 0 423 0 0 0 0 0
527 5 2 1 0 0 0 5 0 0
528 9 1 1 3 0 0 6 0 0
529 53 3 1 39 0 0 7 0 0
531 5 0 0 1 0 0 4 0 0
532 1 1 1 0 0 0 1 0 0
533 1 0 0 0 0 0 1 0 0
534 3 0 0 1 0 0 2 0 0
536 3 1 0 1 0 0 2 0 0
537 3 0 0 1 0 0 2 0 0
538 1 0 0 0 0 0 1 0 0
539 3 0 0 1 0 0 2 0 0
540 1 0 0 0 0 0 1 0 0
541 3 0 0 1 0 0 2 0 0
542 2 0 0 0 0 0 2 0 0
fn=main
26 10 0 0 1 0 0 6 0 0
28 3 1 0 2 0 0 0 0 0
30 3 0 0 2 0 0 0 0 0
32 28 2 1 21 1 1 4 0 0
34 2 0 0 0 0 0 2 0 0
fl=handlesock.c
fn=recv_data
10 1080 31 1 180 0 0 540 1 0
15 360 2 1 0 0 0 360 1 0
16 180 0 0 0 0 0 180 0 0
17 180 0 0 0 0 0 180 0 0
18 180 0 0 0 0 0 180 0 0
21 180 2 0 0 0 0 180 0 0
24 540 0 0 0 0 0 540 0 0
25 360 3 1 0 0 0 360 0 0
26 180 0 0 0 0 0 180 0 0
27 180 0 0 0 0 0 180 0 0
28 180 0 0 0 0 0 180 0 0
29 180 30 0 0 0 0 180 0 0
30 180 0 0 0 0 0 180 0 0
34 1620 5 1 360 0 0 720 2 0
46 1440 5 2 180 0 0 720 0 0
59 360 4 1 180 0 0 180 0 0
60 360 0 0 180 0 0 180 0 0
61 1080 6 1 540 0 0 0 0 0
62 7020 31 0 0 0 0 6120 2 0
63 1080 0 0 540 0 0 0 0 0
64 1620 30 1 540 0 0 180 0 0
65 180 31 0 0 0 0 180 0 0
66 540 0 0 180 0 0 180 0 0
67 1980 64 1 180 0 0 1260 0 0
69 393 0 0 180 0 0 0 0 0
82 66 0 0 33 0 0 0 0 0
133 264 8 2 33 0 0 198 0 0
135 99 0 0 33 0 0 0 0 0
148 264 4 0 99 0 0 165 0 0
149 66 0 0 66 0 0 0 0 0
150 66 0 0 66 0 0 0 0 0
153 66 4 1 0 0 0 33 0 0
165 66 0 0 33 0 0 0 0 0
172 66 4 0 33 0 0 0 0 0
247 66 27 1 33 0 0 0 0 0
251 66 4 1 33 0 0 0 0 0
292 360 3 1 180 0 0 180 0 0
293 180 0 0 0 0 0 180 0 0
295 1440 4 0 180 0 0 720 0 0
308 180 4 1 180 0 0 0 0 0
312 720 1 0 540 0 0 0 0 0
fn=send_cmd
314 132 3 0 0 0 0 66 0 0
317 66 0 0 0 0 0 66 0 0
318 33 0 0 0 0 0 33 0 0
319 66 5 1 0 0 0 66 1 0
322 1287 4 0 0 0 0 1122 1 0
323 198 0 0 99 0 0 0 0 0
324 198 4 1 99 0 0 0 0 0
325 33 0 0 0 0 0 33 0 0
326 99 4 0 33 0 0 33 0 0
329 264 4 1 33 0 0 132 0 0
340 363 12 2 33 0 0 231 0 0
342 66 0 0 33 0 0 0 0 0
348 66 0 0 33 0 0 0 0 0
356 297 14 1 99 0 0 0 0 0
360 66 0 0 33 0 0 0 0 0
366 297 12 1 99 0 0 198 0 0
369 99 0 0 33 0 0 33 0 0
380 33 32 1 0 0 0 33 0 0
383 33 0 0 0 0 0 33 0 0
384 264 30 0 33 0 0 132 0 0
395 33 3 1 33 0 0 0 0 0
396 132 30 0 99 0 0 0 0 0
fl=myerror.c
fn=FormatErrNumber
99 14 4 1 4 0 0 6 0 0
100 2 0 0 0 0 0 2 0 0
101 2 0 0 0 0 0 2 0 0
103 12 4 0 4 0 0 8 0 0
104 12 1 0 4 0 0 8 0 0
106 2 0 0 2 0 0 0 0 0
107 4 0 0 4 0 0 0 0 0
fl=protocol.c
fn=AddItem
227 20 3 0 0 0 0 10 0 0
228 5 0 0 0 0 0 5 0 0
229 5 0 0 0 0 0 5 0 0
230 5 0 0 0 0 0 5 0 0
231 5 0 0 0 0 0 5 0 0
232 5 2 1 0 0 0 5 0 0
233 5 0 0 0 0 0 5 0 0
234 5 0 0 0 0 0 5 0 0
235 5 0 0 0 0 0 5 0 0
236 5 0 0 0 0 0 5 0 0
237 5 2 0 0 0 0 5 0 0
239 10 0 0 5 0 0 5 0 0
240 77 2 1 37 0 0 10 0 0
241 30 2 0 5 0 0 20 0 0
242 10 0 0 5 0 0 5 0 0
243 10 0 0 5 0 0 5 0 0
245 20 2 1 0 0 0 20 0 0
248 113 2 0 76 0 0 5 0 0
250 154 0 0 110 0 0 22 0 0
254 10 0 0 5 0 0 5 0 0
255 10 0 0 5 0 0 5 0 0
258 10 0 0 5 0 0 0 0 0
262 10 2 1 5 0 0 5 0 0
263 15 0 0 10 0 0 5 0 0
265 10 0 0 5 0 0 0 0 0
268 6 2 0 2 0 0 2 0 0
272 6 0 0 3 0 0 3 0 0
273 3 0 0 0 0 0 3 0 0
274 17 2 0 7 0 0 0 0 0
276 8 0 0 4 0 0 4 0 0
277 12 0 0 8 0 0 4 0 0
279 6 0 0 3 0 0 0 0 0
286 9 0 0 6 0 0 3 0 0
289 11 0 0 8 0 0 3 0 0
290 20 0 0 15 0 0 0 0 0
fn=PrepareBuff2SendCMD
64 8 2 0 0 0 0 4 0 0
70 2 2 1 0 0 0 2 0 0
71 2 1 0 0 0 0 2 0 0
73 2 0 0 0 0 0 2 0 0
75 12 2 0 2 0 0 8 1 0
76 4 0 0 2 0 0 0 0 0
78 24 4 1 2 0 0 18 0 0
87 89 6 2 65 0 0 10 0 0
88 4 0 0 2 0 0 2 0 0
89 34 4 1 4 0 0 10 0 0
90 14 2 0 2 0 0 10 0 0
91 6 0 0 2 0 0 4 0 0
92 2 1 0 0 0 0 2 0 0
93 2 0 0 0 0 0 2 0 0
94 2 0 0 2 0 0 0 0 0
95 8 0 0 6 0 0 0 0 0
fn=PrepareBuff2SendData
18 124 3 1 0 0 0 62 0 0
19 31 0 0 0 0 0 31 1 0
20 31 3 0 0 0 0 31 0 0
21 31 0 0 0 0 0 31 0 0
23 31 0 0 0 0 0 31 0 0
24 31 0 0 0 0 0 31 0 0
26 31 3 1 0 0 0 31 0 0
28 2200 3 0 1921 0 0 62 0 0
30 31 0 0 0 0 0 31 0 0
33 186 0 0 31 0 0 124 1 0
34 62 3 1 31 0 0 31 0 0
35 62 0 0 31 0 0 31 0 0
36 155 3 0 0 0 0 124 0 0
37 155 3 1 0 0 0 124 0 0
38 4137 0 0 62 0 0 3920 0 0
40 186 2 0 31 0 0 124 0 0
43 155 3 1 31 0 0 93 0 0
44 124 0 0 31 0 0 93 0 0
45 155 3 0 62 0 0 93 0 0
46 124 0 0 31 0 0 93 0 0
48 2504 6 1 2132 0 0 155 0 0
49 2349 3 1 2101 0 0 62 0 0
50 62 0 0 62 0 0 0 0 0
51 186 7 0 62 0 0 31 0 0
52 31 0 0 31 0 0 0 0 0
53 372 4 1 124 0 0 31 0 0
55 62 0 0 31 0 0 31 0 0
57 31 0 0 31 0 0 0 0 0
58 93 0 0 62 0 0 31 0 0
60 31 4 0 0 0 0 31 0 0
61 31 0 0 31 0 0 0 0 0
62 124 0 0 93 0 0 0 0 0
fn=ProtocolInterpretor
97 30 3 1 0 0 0 18 0 0
99 6 6 0 0 0 0 6 0 0
100 6 0 0 0 0 0 6 0 0
101 12 0 0 6 0 0 6 0 0
102 12 0 0 0 0 0 12 0 0
103 6 6 1 0 0 0 6 0 0
105 6 0 0 0 0 0 6 0 0
108 6 0 0 0 0 0 6 0 0
109 6 0 0 0 0 0 6 0 0
112 197 12 1 131 2 0 24 0 0
114 334 6 0 137 0 0 125 0 0
115 12 0 0 6 0 0 6 0 0
118 209 10 1 137 0 0 30 0 0
131 18 0 0 6 0 0 0 0 0
169 215 8 2 143 0 0 30 0 0
172 6 4 0 0 0 0 6 0 0
175 167 4 1 119 0 0 12 0 0
176 197 4 0 125 0 0 36 0 0
177 12 4 1 6 0 0 0 0 0
185 215 8 2 137 0 0 42 0 0
186 42 2 1 12 0 0 6 0 0
187 24 0 0 12 0 0 6 0 0
188 6 0 0 0 0 0 6 0 0
190 12 0 0 6 0 0 6 0 0
192 28 8 1 11 0 0 0 0 0
196 142 4 1 77 0 0 30 0 0
201 25 0 0 15 0 0 5 0 0
205 40 2 1 5 0 0 20 0 0
208 147 4 1 82 0 0 35 0 0
209 15 0 0 5 0 0 10 0 0
210 45 2 0 20 0 0 20 0 0
211 20 2 0 10 0 0 5 0 0
212 35 0 0 10 0 0 5 0 0
213 15 0 0 5 0 0 10 0 0
214 5 0 0 0 0 0 5 0 0
218 6 0 0 0 0 0 6 0 0
220 12 0 0 6 0 0 6 0 0
222 18 3 1 6 0 0 12 0 0
223 6 0 0 0 0 0 6 0 0
224 6 0 0 6 0 0 0 0 0
225 30 0 0 24 0 0 0 0 0
fn=ProtocolInterpretorCMD
325 108 27 0 0 0 0 54 0 0
328 27 2 1 0 0 0 27 0 0
329 54 0 0 27 0 0 27 0 0
330 27 0 0 0 0 0 27 0 0
331 27 0 0 0 0 0 27 0 0
333 458 2 0 188 0 0 108 0 0
336 646 29 1 215 0 0 134 0 0
338 539 3 1 215 0 0 135 0 0
339 81 1 0 27 0 0 0 0 0
345 566 4 1 242 0 0 135 0 0
346 27 0 0 0 0 0 27 0 0
347 350 1 1 134 0 0 54 0 0
350 485 4 0 188 0 0 135 0 0
352 81 0 0 27 0 0 54 0 0
353 27 0 0 0 0 0 27 0 0
354 81 0 0 54 0 0 27 0 0
355 108 0 0 81 0 0 0 0 0
fn=RemoveItem
291 15 8 2 0 0 0 5 0 0
292 5 0 0 0 0 0 5 0 0
293 5 0 0 0 0 0 5 0 0
294 5 0 0 0 0 0 5 0 0
295 5 0 0 0 0 0 5 0 0
297 10 5 0 5 0 0 0 0 0
299 5 0 0 0 0 0 5 0 0
302 20 0 0 10 2 0 0 0 0
304 6 0 0 0 0 0 3 0 0
306 6 2 1 4 0 0 2 0 0
308 37 2 0 26 0 0 2 0 0
310 15 0 0 10 0 0 0 0 0
312 5 0 0 5 0 0 0 0 0
313 10 2 0 5 0 0 5 0 0
314 20 0 0 10 1 0 10 0 0
315 15 0 0 10 0 0 5 0 0
316 15 2 0 5 0 0 10 0 0
317 5 0 0 0 0 0 5 0 0
321 12 1 0 8 0 0 2 0 0
322 9 1 1 7 0 0 2 0 0
323 10 0 0 10 0 0 0 0 0
fn=SearchForIllegalChar
405 15 0 0 0 0 0 5 0 0
427 10 0 0 0 0 0 10 0 0
429 5 2 0 0 0 0 5 0 0
430 5 0 0 0 0 0 5 0 0
431 5 0 0 0 0 0 5 0 0
432 10 0 0 5 0 0 5 0 0
433 10 0 0 5 0 0 5 0 0
434 10 2 1 5 0 0 5 0 0
441 110 0 0 66 0 0 0 0 0
445 110 2 0 66 0 0 0 0 0
449 110 0 0 66 0 0 0 0 0
453 110 2 1 66 0 0 0 0 0
457 110 2 0 66 0 0 0 0 0
461 110 0 0 66 0 0 0 0 0
465 110 2 1 66 0 0 0 0 0
477 110 2 0 66 0 0 0 0 0
481 110 0 0 66 0 0 0 0 0
485 110 2 1 66 0 0 0 0 0
489 110 0 0 66 0 0 0 0 0
493 110 2 0 66 0 0 0 0 0
498 154 2 1 110 0 0 22 0 0
500 22 0 0 22 0 0 0 0 0
501 22 0 0 22 0 0 0 0 0
503 132 0 0 66 0 0 0 0 0
507 132 2 0 66 0 0 0 0 0
511 132 2 1 66 0 0 0 0 0
515 132 2 0 66 0 0 0 0 0
519 132 2 1 66 0 0 0 0 0
523 132 0 0 66 0 0 0 0 0
527 132 2 0 66 0 0 0 0 0
539 132 2 1 66 0 0 0 0 0
543 132 0 0 66 0 0 0 0 0
547 132 2 0 66 0 0 0 0 0
551 132 2 1 66 0 0 0 0 0
555 132 2 0 66 0 0 0 0 0
559 110 0 0 66 0 0 0 0 0
561 10 0 0 5 0 0 5 0 0
562 10 0 0 5 0 0 5 0 0
563 15 0 0 10 0 0 0 0 0
564 10 0 0 10 0 0 0 0 0
fn=WaitReply
356 81 2 1 0 0 0 27 0 0
358 54 0 0 0 0 0 54 0 0
359 27 0 0 0 0 0 27 0 0
360 27 4 1 0 0 0 27 0 0
361 27 0 0 0 0 0 27 0 0
364 189 26 0 0 0 0 108 2 0
366 54 0 0 27 0 0 27 0 0
369 216 2 1 54 0 0 135 0 0
370 270 27 0 81 0 0 189 0 0
371 81 27 1 27 0 0 54 0 0
373 27 0 0 0 0 0 27 0 0
374 27 0 0 0 0 0 27 0 0
376 153 2 0 63 0 0 0 0 0
378 360 27 0 36 0 0 288 0 0
380 162 0 0 27 0 0 108 0 0
382 27 0 0 0 0 0 27 0 0
383 27 0 0 27 0 0 0 0 0
384 54 0 0 54 0 0 0 0 0
fn=mymalloc
386 123 6 1 0 0 0 41 0 0
388 41 3 1 0 0 0 41 0 0
390 123 0 0 41 0 0 41 0 0
391 82 0 0 41 0 0 0 0 0
393 195 7 0 39 0 0 39 0 0
397 4 0 0 4 0 0 0 0 0
401 123 0 0 82 0 0 41 0 0
402 164 20 1 41 0 0 123 1 0
403 82 0 0 82 0 0 0 0 0
fl=readfile.c
fn=ReadConfFromFile
18 3 2 2 0 0 0 1 0 0
22 1 0 0 0 0 0 1 0 0
23 1 0 0 0 0 0 1 0 0
24 1 0 0 0 0 0 1 0 0
26 2 1 0 0 0 0 1 0 0
29 1 0 0 0 0 0 1 0 0
30 3 0 0 0 0 0 3 2 0
31 7 1 1 1 0 0 4 0 0
32 3 1 0 0 0 0 3 0 0
33 2 0 0 1 0 0 1 0 0
34 7 1 1 1 0 0 4 0 0
35 3 0 0 0 0 0 3 0 0
37 2 0 0 1 0 0 0 0 0
43 6 2 1 2 0 0 4 0 0
45 3 0 0 1 0 0 2 0 0
46 1 0 0 0 0 0 1 0 0
47 1 0 0 0 0 0 1 0 0
52 5 1 0 1 0 0 4 0 0
53 2 0 0 1 0 0 0 0 0
58 171 2 2 38 0 0 95 0 0
62 108 1 0 18 0 0 72 0 0
69 3 0 0 1 0 0 2 0 0
70 1 0 0 0 0 0 1 0 0
73 1 0 0 0 0 0 1 0 0
74 3 0 0 1 0 0 2 0 0
75 1 0 0 0 0 0 0 0 0
76 2 0 0 2 0 0 0 0 0
fn=SelectSectionFromFile
78 90 2 1 0 0 0 54 0 0
80 90 1 0 0 0 0 90 0 0
81 90 1 1 0 0 0 90 0 0
86 337 2 1 150 0 0 72 0 0
89 2 0 0 0 0 0 1 0 0
91 315 2 1 135 1 1 68 0 0
94 2 0 0 0 0 0 1 0 0
96 299 2 1 132 0 0 64 0 0
99 31 2 0 18 0 0 6 0 0
100 6 0 0 2 0 0 3 1 0
101 3 0 0 1 0 0 2 0 0
102 1 0 0 0 0 0 1 0 0
103 2 0 0 0 0 0 1 0 0
105 278 3 2 119 0 0 60 0 0
108 30 2 1 17 0 0 6 0 0
109 6 0 0 2 0 0 3 0 0
110 3 0 0 1 0 0 2 0 0
111 1 0 0 0 0 0 1 0 0
113 2 0 0 0 0 0 1 0 0
115 261 3 2 114 0 0 56 0 0
118 31 2 1 18 0 0 6 0 0
119 6 1 0 2 0 0 3 0 0
120 3 0 0 1 0 0 2 0 0
121 1 0 0 0 0 0 1 0 0
123 2 0 0 0 0 0 1 0 0
125 242 3 2 105 0 0 52 0 0
128 28 2 1 15 0 0 6 0 0
129 6 1 0 2 0 0 3 0 0
130 4 0 0 2 0 0 0 0 0
134 3 0 0 1 0 0 2 0 0
135 1 0 0 0 0 0 1 0 0
137 2 0 0 0 0 0 1 0 0
139 223 4 2 96 0 0 48 0 0
142 27 2 1 14 0 0 6 0 0
143 6 0 0 2 0 0 3 0 0
144 3 0 0 1 0 0 2 0 0
145 1 0 0 0 0 0 1 0 0
146 2 0 0 0 0 0 1 0 0
148 203 3 2 85 0 0 44 0 0
151 33 2 1 20 0 0 6 0 0
152 6 1 0 2 0 0 3 0 0
153 3 0 0 1 0 0 2 0 0
154 1 0 0 0 0 0 1 0 0
155 2 0 0 0 0 0 1 0 0
157 188 3 2 84 1 1 40 1 0
160 27 2 1 14 0 0 6 0 0
161 6 1 0 2 0 0 3 0 0
162 3 0 0 1 0 0 2 0 0
163 1 0 0 0 0 0 1 0 0
164 2 0 0 0 0 0 1 0 0
166 167 3 2 71 0 0 36 0 0
169 23 2 1 10 0 0 6 0 0
170 6 1 0 2 0 0 3 0 0
171 3 0 0 1 0 0 2 0 0
172 1 0 0 0 0 0 1 0 0
173 2 0 0 0 0 0 1 0 0
175 150 3 2 66 0 0 32 0 0
178 34 2 1 21 0 0 6 0 0
179 6 1 0 2 0 0 3 0 0
180 3 0 0 1 0 0 2 0 0
181 1 0 0 0 0 0 1 0 0
182 2 0 0 0 0 0 1 0 0
184 131 3 2 57 0 0 28 0 0
187 68 2 1 55 0 0 6 0 0
188 6 1 0 2 0 0 3 0 0
189 3 0 0 1 0 0 2 0 0
190 1 0 0 0 0 0 1 0 0
191 2 0 0 0 0 0 1 0 0
193 72 2 1 24 0 0 6 0 0
195 10 0 0 0 0 0 5 0 0
197 12 1 0 4 0 0 1 0 0
201 19 1 1 18 0 0 1 0 0
202 90 0 0 72 0 0 0 0 0
fn=smid
204 40 0 0 0 0 0 20 0 0
205 10 1 1 0 0 0 10 0 0
206 10 0 0 0 0 0 10 0 0
207 10 0 0 0 0 0 10 0 0
208 10 0 0 0 0 0 10 0 0
209 10 1 0 0 0 0 10 0 0
212 302 1 1 192 0 0 40 0 0
213 302 1 0 192 0 0 40 0 0
214 504 2 1 202 0 0 182 0 0
215 504 1 1 202 0 0 182 0 0
216 20 0 0 10 0 0 10 0 0
217 20 1 0 10 0 0 10 0 0
218 20 0 0 10 0 0 0 0 0
224 20 1 1 10 0 0 0 0 0
231 50 1 0 20 0 0 30 0 0
234 318 1 1 221 0 0 10 0 0
235 67 0 0 67 0 0 0 0 0
239 255 1 0 145 0 0 50 0 0
241 30 1 1 20 0 0 10 0 0
242 20 0 0 10 0 0 10 0 0
243 20 0 0 10 0 0 10 0 0
244 30 0 0 10 0 0 20 0 0
245 10 1 0 0 0 0 10 0 0
246 10 0 0 10 0 0 0 0 0
248 40 0 0 30 0 0 0 0 0
fl=sqlfunction.c
fn=ExecFunction
69 10 2 1 0 0 0 6 0 0
71 2 0 0 0 0 0 2 0 0
73 2 2 0 0 0 0 2 0 0
74 2 0 0 0 0 0 2 0 0
75 14 2 1 0 0 0 8 1 0
78 42 4 1 26 2 1 6 0 0
83 50 6 1 40 0 0 6 0 0
85 8 2 0 3 0 0 4 0 0
87 21 3 2 13 0 0 3 0 0
91 21 3 2 13 0 0 3 0 0
95 21 3 1 13 0 0 3 0 0
99 21 4 2 13 1 1 3 0 0
103 21 3 2 13 0 0 3 0 0
107 21 3 1 13 0 0 3 0 0
111 21 3 2 13 1 1 3 0 0
115 21 4 2 13 0 0 3 0 0
119 21 3 1 13 0 0 3 0 0
123 19 3 2 9 0 0 3 0 0
127 27 4 2 23 1 1 3 0 0
129 8 1 0 3 0 0 4 0 0
367 10 2 1 8 2 0 0 0 0
fn=F_SQLLoadDefaultCurrency
1233 3 2 1 0 0 0 1 0 0
1236 7 1 1 0 0 0 4 1 0
1238 8 1 0 0 0 0 4 0 0
1240 8 1 1 2 0 0 5 0 0
1242 7 2 0 0 0 0 4 0 0
1244 2 0 0 2 0 0 0 0 0
fn=F_SQLUserFunctions
407 3 1 1 0 0 0 1 0 0
408 1 0 0 0 0 0 1 0 0
409 1 1 1 0 0 0 1 0 0
410 1 0 0 0 0 0 1 0 0
412 7 1 0 0 0 0 4 0 0
414 4 0 0 3 0 0 1 0 0
416 19 2 1 14 0 0 1 0 0
418 4 0 0 2 0 0 0 0 0
420 4 0 0 2 0 0 1 0 0
424 3 0 0 2 0 0 1 0 0
426 6 0 0 4 0 0 2 0 0
429 8 1 1 2 0 0 5 0 0
430 8 2 1 2 0 0 5 0 0
435 7 2 0 0 0 0 4 0 0
436 1 0 0 0 0 0 1 0 0
437 1 0 0 0 0 0 1 0 0
438 2 0 0 2 0 0 0 0 0
fn=SQLExec
2579 10 2 1 0 0 0 6 0 0
2590 6 2 1 0 0 0 6 0 0
2591 2 0 0 0 0 0 2 0 0
2592 2 0 0 0 0 0 2 0 0
2593 4 2 0 0 0 0 4 0 0
2594 2 0 0 0 0 0 2 0 0
2596 2 0 0 0 0 0 2 0 0
2597 2 0 0 0 0 0 2 0 0
2598 2 2 1 0 0 0 2 0 0
2599 2 0 0 0 0 0 2 0 0
2600 2 0 0 0 0 0 2 0 0
2603 2 0 0 0 0 0 2 0 0
2604 2 2 0 0 0 0 2 0 0
2607 2 0 0 0 0 0 2 0 0
2608 2 0 0 0 0 0 2 0 0
2609 2 0 0 0 0 0 2 0 0
2612 10 2 1 0 0 0 8 0 0
2613 48 2 0 0 0 0 32 0 0
2617 738 6 1 712 0 0 10 0 0
2639 4 2 1 2 0 0 0 0 0
2658 8 2 1 2 0 0 6 1 0
2661 4 0 0 2 0 0 0 0 0
2666 8 2 0 2 0 0 6 0 0
2667 4 0 0 2 0 0 0 0 0
2671 8 2 1 2 0 0 6 0 0
2673 16 2 0 4 0 0 10 0 0
2674 45 4 1 13 0 0 12 0 0
2675 34 6 2 10 0 0 6 0 0
2679 10 2 0 0 0 0 8 0 0
2682 62 4 1 62 0 0 6 0 0
2685 6 0 0 0 0 0 6 1 0
2686 10 2 1 2 0 0 8 0 0
2687 2 2 0 0 0 0 2 0 0
2689 58 6 2 40 0 0 2 0 0
2692 48 0 0 12 0 0 36 0 0
2695 48 2 1 24 0 0 0 0 0
2697 18 0 0 6 0 0 10 0 0
2701 90 4 1 30 3 0 60 0 0
2703 24 0 0 12 0 0 12 0 0
2704 623 2 0 515 0 0 24 0 0
2705 72 2 1 24 0 0 48 0 0
2706 575 2 0 24 0 0 491 0 0
2707 24 0 0 12 0 0 12 0 0
2708 5892 2 0 3437 0 0 491 0 0
2709 24 0 0 12 0 0 12 0 0
2711 24 0 0 12 0 0 12 0 0
2712 24 0 0 12 0 0 12 0 0
2713 36 0 0 12 0 0 24 0 0
2714 12 0 0 0 0 0 12 0 0
2715 12 0 0 0 0 0 12 0 0
2719 166 4 1 138 0 0 12 0 0
2720 6 0 0 2 0 0 4 0 0
2721 2 0 0 0 0 0 2 0 0
2722 2 2 0 0 0 0 2 0 0
2723 2 0 0 0 0 0 2 0 0
2724 48 2 1 0 0 0 32 0 0
2725 2 0 0 0 0 0 2 0 0
2726 2 0 0 0 0 0 2 0 0
2727 34 4 1 10 0 0 6 0 0
2735 152 4 1 50 0 0 75 0 0
2738 46 0 0 23 0 0 0 0 0
2742 23 0 0 23 0 0 0 0 0
2743 92 2 1 23 0 0 69 0 0
2744 23 0 0 0 0 0 23 0 0
2746 69 0 0 0 0 0 69 0 0
2747 115 2 0 23 0 0 92 0 0
2748 23 0 0 0 0 0 23 0 0
2749 835 3 2 586 0 0 23 0 0
2751 900 0 0 720 0 0 0 0 0
2753 2520 4 1 1260 0 0 360 0 0
2755 720 0 0 360 0 0 0 0 0
2757 184 0 0 46 0 0 115 0 0
2761 1256 4 1 314 0 0 942 0 0
2764 360 0 0 180 0 0 180 0 0
2765 9728 45 1 8108 0 0 360 0 0
2766 1080 0 0 360 0 0 720 0 0
2767 9008 23 0 360 0 0 7748 0 0
2768 360 0 0 180 0 0 180 0 0
2769 92976 23 1 54236 0 0 7748 0 0
2770 360 0 0 180 0 0 180 0 0
2772 360 23 0 180 0 0 180 0 0
2773 360 0 0 180 0 0 180 0 0
2775 540 0 0 180 0 0 360 0 0
2776 180 0 0 0 0 0 180 0 0
2777 180 0 0 0 0 0 180 0 0
2778 180 0 0 0 0 0 180 0 0
2782 2116 25 1 1794 0 0 138 0 0
2789 391 26 1 115 0 0 69 0 0
2794 552 0 0 0 0 0 368 0 0
2795 69 2 0 23 0 0 46 0 0
2796 23 0 0 0 0 0 23 0 0
2797 23 0 0 0 0 0 23 0 0
2798 23 0 0 0 0 0 23 0 0
2803 2 0 0 0 0 0 2 0 0
2804 12 2 1 0 0 0 10 0 0
2805 20 4 1 6 0 0 14 0 0
2806 6 0 0 2 0 0 4 0 0
2807 2 2 0 0 0 0 2 0 0
2808 2 0 0 0 0 0 2 0 0
2809 2 0 0 0 0 0 2 0 0
2810 6 0 0 2 0 0 4 0 0
2811 6 2 1 4 0 0 2 0 0
2813 10 0 0 8 0 0 0 0 0
fl=strhnd.c
fn=SearchForString
76 55 10 2 0 0 0 33 0 0
78 11 0 0 0 0 0 11 0 0
79 11 0 0 0 0 0 11 0 0
80 11 0 0 0 0 0 11 0 0
81 11 5 0 0 0 0 11 0 0
82 11 0 0 0 0 0 11 0 0
83 11 0 0 0 0 0 11 0 0
84 11 0 0 0 0 0 11 0 0
85 11 0 0 0 0 0 11 0 0
87 55 4 1 11 0 0 33 0 0
88 55 0 0 11 0 0 33 0 0
90 22 4 0 11 0 0 11 0 0
91 22 0 0 11 0 0 11 0 0
93 263 4 1 22 0 0 164 0 0
94 263 0 0 22 0 0 164 0 0
96 77 4 0 33 0 0 44 0 0
97 274 4 1 186 0 0 22 0 0
98 143 4 0 55 1 1 22 0 0
99 371 4 1 259 0 0 11 0 0
101 1080 8 1 450 0 0 540 0 0
102 1822 4 0 922 0 0 360 0 0
103 180 0 0 90 0 0 0 0 0
108 22 0 0 11 0 0 11 0 0
109 22 0 0 11 0 0 11 0 0
111 33 4 1 11 0 0 22 0 0
112 33 0 0 11 0 0 22 0 0
113 11 0 0 0 0 0 11 0 0
114 11 0 0 0 0 0 11 0 0
115 11 4 0 0 0 0 11 0 0
116 11 0 0 0 0 0 11 0 0
118 33 0 0 22 0 0 0 0 0
122 11 1 1 0 0 0 11 0 0
123 11 0 0 0 0 0 11 0 0
124 11 0 0 11 0 0 0 0 0
125 55 0 0 44 0 0 0 0 0
fn=concat
143 784 1 0 0 0 0 392 0 0
145 196 0 0 0 0 0 196 0 0
146 196 1 0 0 0 0 196 0 0
147 196 0 0 0 0 0 196 0 0
148 196 0 0 0 0 0 196 0 0
149 196 0 0 0 0 0 196 0 0
150 196 1 1 0 0 0 196 0 0
152 980 0 0 196 0 0 588 0 0
153 53704 3 0 392 0 0 52136 12 3
155 392 0 0 196 0 0 0 0 0
159 392 0 0 0 0 0 196 0 0
161 392 0 0 196 0 0 196 0 0
162 5516 8 2 2093 0 0 1330 0 0
164 14402 8 0 9866 11 1 1134 0 0
167 3969 0 0 2268 0 0 0 0 0
180 4536 3 0 1701 0 0 2835 0 0
184 588 0 0 392 0 0 196 0 0
187 2156 4 0 588 0 0 784 0 0
189 392 0 0 196 0 0 0 0 0
190 392 0 0 196 0 0 196 0 0
201 588 1 0 392 0 0 196 0 0
202 784 0 0 588 0 0 0 0 0
fn=midcopy
51 404 6 1 0 0 0 202 0 0
52 101 6 1 0 0 0 101 0 0
53 101 0 0 0 0 0 101 0 0
54 505 0 0 101 0 0 303 0 0
55 202 0 0 101 0 0 101 0 0
56 3548 6 0 202 0 0 2639 0 0
58 707 6 1 303 0 0 404 0 0
59 404 0 0 202 0 0 101 0 0
62 303 6 0 202 0 0 101 0 0
63 1875 4 0 764 0 0 505 0 0
64 202 0 0 101 0 0 101 0 0
71 303 0 0 101 0 0 202 0 0
72 101 0 0 0 0 0 101 0 0
74 101 0 0 0 0 0 101 0 0
75 404 0 0 303 0 0 0 0 0
summary: 11504765 10549 2321 3541641 28854 5592 1280507 3435 1912
